-0.033004236062748334,-0.3449104085256212,0.9380551852063945,0.2989948741040636
0.7736416144506546,0.5853977880156699,0.24246253767653536,0.5440404791138381
-0.6327632833786256,0.7337208187567325,0.24751643850631652,1.0646565615075556
0.0,0.0,0.0,1.0
0.09759497816028766,-0.37122928168735403,0.9233980943535589,0.32159030031540903
0.7974986456735675,0.5842260294383436,0.15058504798130945,0.5543088049859992
-0.5953747814500698,0.7217123851955147,0.3530723759637429,1.093046208774215
0.0,0.0,0.0,1.0
-0.06558230854168032,-0.36327942890240134,0.9293691501995797,0.30718581545172663
0.765372637700033,0.5792734140795623,0.2804407909001505,0.549807570859719
-0.6402372109354763,0.7297056723617772,0.24005404694903418,1.0786956690698617
0.0,0.0,0.0,1.0
0.0760395041473467,-0.36097487996840677,0.9294703490917933,0.3186105828625312
0.7661753200956115,0.6177127474980545,0.17721834119185292,0.5487939946324505
-0.6381170524953966,0.6986616474447408,0.32354061523151634,1.0788695445135803
0.0,0.0,0.0,1.0
-0.1138389731724453,-0.3928794245040866,0.9125165455970543,0.31281058500621695
0.7515350070223941,0.5666816981802931,0.33773804370747035,0.5434886406291661
-0.6497967539214806,0.724235880600262,0.23075217841717072,1.070220005342906
0.0,0.0,0.0,1.0
-0.01966383209060785,-0.4420844015041905,0.8967578913252974,0.3122097512279544
0.7625440372034402,0.5734700800898075,0.2994305571702199,0.5364639422832753
-0.646637398418148,0.6897053350442286,0.3258322049437986,1.0533219248764196
0.0,0.0,0.0,1.0
-0.22225798911743544,-0.4233291294391237,0.8782902905314323,0.31623813181614735
0.7130156407809533,0.5438312876343956,0.44255646712215374,0.5437118731014876
-0.6649887835709716,0.7245964247484452,0.1809694420795135,1.0720686688002847
0.0,0.0,0.0,1.0
-0.1767923599950352,-0.39986512892955434,0.8993621851698773,0.3178165902003953
0.7306378204785575,0.5589292514358549,0.39213067614724795,0.5493302167870967
-0.6594792163015669,0.7264337344558731,0.19334216485486377,1.0818047431298847
0.0,0.0,0.0,1.0
-0.2224271354431586,-0.44591145801525844,0.8670000813317477,0.3136798718838607
0.713096885964111,0.5320146001103621,0.45656685873779645,0.543026265626725
-0.6648450952265785,0.7198079166556297,0.19964358860991188,1.0669265071864358
0.0,0.0,0.0,1.0
-0.17691454560141448,-0.4580278244704427,0.871155414128569,0.3250642149966583
0.7307051085577081,0.5318513375815044,0.4280235963593978,0.5485091192827574
-0.6593718889081586,0.7122813115080573,0.2405910334863894,1.0841576746051338
0.0,0.0,0.0,1.0
-0.20611756564247652,-0.4295075508871364,0.8792262580613442,0.31241323907055984
0.7051798002325936,0.5577402474896183,0.4377753598298317,0.5429237951872921
-0.6784076934097509,0.7102457884853338,0.18791998685958894,1.0605109180357641
0.0,0.0,0.0,1.0
-0.3317333708293214,-0.44677569377030013,0.8308696950390494,0.30456833124488886
0.6489977603458565,0.5311205715957487,0.5447135444376863,0.5387721466665449
-0.6846567590729519,0.719932231452289,0.11376600710163737,1.0497218939895065
0.0,0.0,0.0,1.0
-0.37586702813506184,-0.42765946651682596,0.822089628848011,0.30277793258221497
0.6406336012647215,0.5210779346251126,0.563973736070591,0.5456047640244465
-0.6695614729742971,0.7386373716143603,0.07811700943532658,1.0585694305856912
0.0,0.0,0.0,1.0
-0.4928186835907092,-0.3675632964798258,0.7886868632003479,0.31532116898274015
0.5531409400741971,0.5673459007045899,0.6100440388754989,0.5325208252805307
-0.6716880567032243,0.736896093105793,-0.07628435257419953,1.0373774715465118
0.0,0.0,0.0,1.0
-0.29345782683918353,-0.4281753529344665,0.8547212241463698,0.3122932144906656
0.6686883748278892,0.5470166733717695,0.5036155442630015,0.5426987159275278
-0.6831825241008876,0.7193320694871931,0.12578955668262742,1.051268451415659
0.0,0.0,0.0,1.0
-0.511967255902481,-0.39651233900251337,0.7620154157905464,0.3019617319524627
0.5696256394589153,0.5072868948010061,0.646673516725538,0.5511764789006159
-0.6429744627547079,0.7651391843200221,-0.033850684828904756,1.0685700827530644
0.0,0.0,0.0,1.0
-0.5876051946181147,-0.4684319208831258,0.6597663758904,0.3266283637290601
0.49722324155825137,0.43422960663990373,0.7511415956872974,0.5435111651374022
-0.6383487944001401,0.76942587961096,-0.0222403343677219,1.0590280130371434
0.0,0.0,0.0,1.0
-0.5553999190802794,-0.4848010214197643,0.6756470228721299,0.30120401193270535
0.5106906200759689,0.4423771594606586,0.7372228559627959,0.5582244239541969
-0.6562972043609827,0.7545001116089197,0.0018870956749088735,1.077812549786549
0.0,0.0,0.0,1.0
-0.6294400679334053,-0.44762138162419207,0.6351695046149802,0.30691624585793226
0.4620999282650067,0.44153791691113203,0.76909552347368,0.5523556608970517
-0.6247150207714439,0.7776113210612533,-0.07107584807729483,1.0676293247269073
0.0,0.0,0.0,1.0
-0.3960322747134764,-0.5742477605323776,0.7165179320218151,0.31365602122431635
0.6175218125165945,0.4109453995110289,0.6706643644081148,0.5429500635151968
-0.6795772571617514,0.7080701858885671,0.1918628765661582,1.050104270056172
0.0,0.0,0.0,1.0
-0.4366386576106255,-0.4373885017316444,0.7861539170117633,0.32335878433036414
0.6084442879519534,0.5001142771812935,0.6161828123358137,0.5520958481164107
-0.6626780750399331,0.747380096277911,0.04775730885413378,1.0695901341972667
0.0,0.0,0.0,1.0
-0.5188096146186394,-0.3956666980375212,0.7578155764058586,0.31021676935664627
0.5262068998832091,0.5508247928330855,0.6478412970131578,0.5465040925634863
-0.6737528347209836,0.7348740787811702,-0.07757065193077509,1.0468046657287908
0.0,0.0,0.0,1.0
-0.08289218965906574,-0.42838541570071775,0.8997859859480191,0.326043958210253
0.7478007318022917,0.570077285698468,0.3403027385235449,0.5549424710806878
-0.658728282685268,0.7010690579005685,0.2730919728679829,1.0687731465547936
0.0,0.0,0.0,1.0
-0.2010049524651511,-0.45815951561604595,0.8658445976819122,0.3218854107119645
0.6939347515648272,0.5572650880781822,0.45597169010792477,0.5528606060950357
-0.6914127346637057,0.6924922236817436,0.2059197671064392,1.0578726801451694
0.0,0.0,0.0,1.0
-0.08677910635099523,-0.4623995361855178,0.8824148999401249,0.3131816068688278
0.7323731443383775,0.5708509793728477,0.37115864101618123,0.5548331441119386
-0.6753509933011429,0.6784657900620182,0.28911106440722906,1.050554559422959
0.0,0.0,0.0,1.0
-0.08715303877693517,-0.40200917600262204,0.911478452977161,0.3106417798784668
0.7323392895170705,0.5944139385573541,0.33219156322574794,0.5636230551333544
-0.6753395537517243,0.6964629868545972,0.24260213329646335,1.0571408991161073
0.0,0.0,0.0,1.0
-0.045670479618160266,-0.3728721601646568,0.9267580911249654,0.3144904550029104
0.714188295073288,0.6364708450812557,0.29127296912323003,0.5558001657205969
-0.6984620866387502,0.6751823572455777,0.23723300359045352,1.0257768610757036
0.0,0.0,0.0,1.0
0.06234169819642495,-0.40390615846860345,0.9126737247325143,0.31273028772225103
0.7228580977200189,0.6488057420836204,0.2377546626249806,0.5566525023933405
-0.6881785256941556,0.64491156307703,0.33241448912909977,1.0195429132187268
0.0,0.0,0.0,1.0
0.14871502215513754,-0.4752539528691705,0.8671894386278152,0.3128838733321354
0.7306229456849963,0.6437613368129493,0.22751143369814017,0.5625660121255056
-0.6663887404690867,0.5997541342142066,0.4429684244604705,1.0248332529107222
0.0,0.0,0.0,1.0
0.012674971124628946,-0.43656386006594816,0.8995839822892074,0.3128875869457542
0.6975671671627874,0.6484326308453716,0.3048527030410488,0.56597325204904
-0.7164072810932854,0.6236562509421912,0.31275148002408726,1.030173860302703
0.0,0.0,0.0,1.0
-0.041333927144228295,-0.42144404616317677,0.9059119286224493,0.30661604919794266
0.655235296902471,0.6730589548575769,0.34301362797876855,0.5766949235598684
-0.7542931871361205,0.6077635718267727,0.2483248449116542,1.0399258451656836
0.0,0.0,0.0,1.0
-0.14889454485728223,-0.4482684512048646,0.8814112605169818,0.31560017215694824
0.6376203083930154,0.6377736573024367,0.4320707168692065,0.5764054298337031
-0.755824554269401,0.6263386924863147,0.19086404967409454,1.0439859139633705
0.0,0.0,0.0,1.0
-0.950028201149736,-0.23400986320625444,0.2066054233131044,0.3073717708173551
-0.1041359099610682,0.8615136151445758,0.4969406435150016,0.5802432119007079
-0.29428239715752164,0.4505925818771474,-0.8428310601066555,1.038467222872131
0.0,0.0,0.0,1.0
-0.9502282140656368,-0.2375574280857717,0.2015758158978988,0.32183027392760327
-0.10272295406236513,0.8497093568196835,0.517147951404413,0.5836393850949984
-0.29413319415246447,0.47070211099415454,-0.8318204053780571,1.044972880811634
0.0,0.0,0.0,1.0
-0.9496011178100301,-0.23757558571532295,0.20448852810356496,0.32075407257841915
-0.10074143697292923,0.8490538190822982,0.5186123554046831,0.5855550917765133
-0.29683139983932055,0.47187440423674737,-0.8301961615760723,1.0431194230119316
0.0,0.0,0.0,1.0
-0.9489631358088546,-0.23269507256343813,0.2128895725030267,0.31909734703136805
-0.0987591087809778,0.8603062742367255,0.5001197386043776,0.5883022818778776
-0.29952563380888153,0.4535704109767527,-0.8393796977398056,1.0390355046883155
0.0,0.0,0.0,1.0
-0.9480817879365406,-0.2268122626543947,0.22292851072181508,0.31898961831911166
-0.09507996581730466,0.8710642231892405,0.48187853156153915,0.593475672504822
-0.30348101008668193,0.43566422459196585,-0.8474054283089344,1.045404157351426
0.0,0.0,0.0,1.0
-0.27624016524868145,-0.3791715178583795,0.8831309818754826,0.33566634031690334
0.5218135477132779,0.7124830068339018,0.4691253418818949,0.5899158432293109
-0.8070947853420092,0.5904209727117548,0.0010404113808350436,1.0460006951978311
0.0,0.0,0.0,1.0
-0.23158359766011508,-0.3848040912218053,0.8934734739620188,0.3126088885694872
0.5272221594699539,0.7222192529135641,0.4477009551975645,0.5999286377690365
-0.8175609040668692,0.5747392122518992,0.03562311105770961,1.0436096966310833
0.0,0.0,0.0,1.0
-0.16263487585735295,-0.25635296552670733,0.952802736257892,0.33020832628463326
0.5628720280748676,0.7690109038623512,0.30298070854708753,0.5932523285474607
-0.8103856965456318,0.5855812384344913,0.019225920726420057,1.036695612726636
0.0,0.0,0.0,1.0
-0.07223674048433425,-0.3083553129098527,0.9485245670642727,0.3224828588584994
0.5566261254475457,0.7766688189944371,0.29487777480006766,0.5909246225779838
-0.8276165838076542,0.5492745639496273,0.11553459916620137,1.0270892426014795
0.0,0.0,0.0,1.0
-0.02090525386045563,-0.2929940948551245,0.9558856786985859,0.296832378507674
0.5810148935460021,0.7745116124921307,0.2501068883349023,0.5967596405571369
-0.8136243997316931,0.5606123638440966,0.1540425709548386,1.0218521708506045
0.0,0.0,0.0,1.0
-0.1381593144254945,-0.2842593697768773,0.9487405412079373,0.3212200308766069
0.5162555048708384,0.7968267867465074,0.31392248344741364,0.592190802287129
-0.8452172842104172,0.5331638421885795,0.03666142188566093,1.0181495900124449
0.0,0.0,0.0,1.0
-0.23591624882515289,-0.41452424471764066,0.8789272860035342,0.3188036470445871
0.4838118591973051,0.7342926198024368,0.47617269283708535,0.5953111356680141
-0.8427749453088383,0.5375723198277083,0.027320185115415365,1.015530411543219
0.0,0.0,0.0,1.0
-0.9427363972834568,-0.21295406545275364,0.2567073260430107,0.31488220572383946
-0.08089464432600404,0.8926515754520369,0.4434289360905144,0.5890889955745731
-0.3235801937022376,0.39727034982507886,-0.8587619736536323,0.9940749987143459
0.0,0.0,0.0,1.0
0.004865400148201658,-0.34218100408667473,0.9396214601229758,0.32239191820500124
0.5297122002882315,0.7978533976790021,0.2878105986197736,0.5929942204269498
-0.8481634941137223,0.4963286373506037,0.1851393286108994,0.9978173386689603
0.0,0.0,0.0,1.0
0.021979877270580164,-0.33723783584304967,0.9411628589521934,0.3237144632884135
0.533317978627097,0.800214623635774,0.2742781248888868,0.595085750259375
-0.8456292442130164,0.4959104739722208,0.1974436201460298,0.9948208689384042
0.0,0.0,0.0,1.0
0.022325158044182253,-0.3567295878708847,0.9339408913072449,0.31771372649801183
0.5333064189257611,0.7944093108654487,0.2906855867477151,0.5970589919480805
-0.8456274894129701,0.49158707056609174,0.20798149244912525,0.9956812086322973
0.0,0.0,0.0,1.0
-0.010432114323545459,-0.3436848790583137,0.9390270895439666,0.3103348814431192
0.5261902295728267,0.7966575708280283,0.29742319537063844,0.6059080427087747
-0.850302895027905,0.49720963259882384,0.17253280255680725,0.9981340080210519
0.0,0.0,0.0,1.0
0.049784672352942566,-0.43866872762034226,0.8972687634185534,0.3115068190335806
0.5044199216692249,0.7864306614087407,0.356493137969616,0.6130734487398289
-0.8620220583151703,0.4348523452899394,0.2604254380315337,1.0067215407328194
0.0,0.0,0.0,1.0
0.01768551955211808,-0.4275591089786279,0.9038143784691487,0.3262601073589548
0.49778149081840767,0.7877278708023827,0.3629027265807578,0.6054467205725056
-0.8671221423748648,0.4434839454710245,0.2267623873411953,0.9995578672719372
0.0,0.0,0.0,1.0
0.03186207028636324,-0.3731039094175957,0.9272422991076137,0.3210249761133097
0.47622034825578996,0.8213078392650611,0.3141140128502562,0.6114839957695959
-0.8787485353525211,0.4315633278431608,0.20384824177984856,1.0005896981866982
0.0,0.0,0.0,1.0
0.08017880301566592,-0.4031704862490043,0.9116056815118676,0.32297217373990106
0.4599393531181066,0.8263339399186652,0.32500463256974255,0.6085200512711877
-0.8843229902022635,0.3932248450393709,0.25168843883557734,0.9944576364560203
0.0,0.0,0.0,1.0
0.1142297874738062,-0.3217483479948452,0.9399093340404047,0.31868960711214644
0.4654076392460269,0.8531911234692966,0.23550081988103483,0.614344340664647
-0.8776943004173658,0.41053977565613237,0.24720397978002578,1.0004034602551082
0.0,0.0,0.0,1.0
0.09621610285681989,-0.34043360536649847,0.9353327867065353,0.30829274872561296
0.43623537424079967,0.8590594638196555,0.26779756511752584,0.6148852132042582
-0.8946737728423894,0.38225881017846175,0.23116453497219572,0.9967242450519892
0.0,0.0,0.0,1.0
0.13054437318607284,-0.2974053353486747,0.9457844538453768,0.3205533905953093
0.4415077511072729,0.871576960681986,0.21313025904490915,0.6193475001501387
-0.8877100159070267,0.38974821117548974,0.24508622879275002,1.0032155572968575
0.0,0.0,0.0,1.0
0.19881365779962298,-0.3588944015989377,0.9119582983740401,0.31760558726268906
0.45081740964296785,0.8597298726986883,0.24005876187363298,0.6185539661648936
-0.8701935374588454,0.36339971724044795,0.33272188517502654,0.9943140869908815
0.0,0.0,0.0,1.0
0.20537282005768734,-0.3606708740369148,0.9098013659052181,0.3230097630078276
0.4170360327889996,0.8732450242204363,0.25203982826105514,0.6287501452330333
-0.8853829409567169,0.3276578219662971,0.3297535436763904,1.0081766445388136
0.0,0.0,0.0,1.0
0.11146943540336367,-0.38046056891398544,0.9180546391541747,0.333766084040531
0.38354492289585834,0.8687053404702799,0.31343950542205967,0.6122748484788043
-0.9167703404297423,0.3171762710860665,0.2427578134031378,0.9774759834496866
0.0,0.0,0.0,1.0
0.08779831682744198,-0.3140811565016564,0.9453277117977925,0.3237209156236397
0.3730111817801006,0.8903137310410055,0.26115918246704733,0.6166335345811651
-0.9236634202074264,0.3296884703025354,0.1953238303953038,0.9755590137932965
0.0,0.0,0.0,1.0
-0.03823749313127768,-0.3431765641706763,0.9384922695062783,0.3309180069108134
0.35536178315872896,0.8731149401435854,0.3337488642202571,0.6166454375773992
-0.9339464102341654,0.3462660062756274,0.0885661092554212,0.9762229936354784
0.0,0.0,0.0,1.0
0.060264032872667656,-0.30345409266660034,0.9509384101958508,0.3182580655799041
0.37460805429617017,0.8899123447588089,0.26023993602503914,0.6156612547835008
-0.925222704000696,0.3405460795395673,0.1673060540203825,0.9673486920285538
0.0,0.0,0.0,1.0
-0.05391020627960913,-0.42750228363912346,0.9024053895795526,0.3117499032434153
0.3453149175507354,0.8399800304554547,0.4185584262118996,0.6208809061747574
-0.9369371896641837,0.33417861379715463,0.10233941911498917,0.9700770998985954
0.0,0.0,0.0,1.0
-0.08506204204368391,-0.3845611346585474,0.9191720093178909,0.3224581927999337
0.33817264500232086,0.8566132822536427,0.3896831364567564,0.6144707509047753
-0.9372319409705863,0.34398607294012845,0.05718278104233728,0.9654459748513401
0.0,0.0,0.0,1.0
0.07061466632497436,-0.3285810218127429,0.9418322998306579,0.33375833883156614
0.34190815979498174,0.8949647731552669,0.28659529842052694,0.619210461588008
-0.9370765065699929,0.30178231710230374,0.17554217134051522,0.9805782741918047
0.0,0.0,0.0,1.0
0.08670358807403661,-0.19948675669550195,0.9760571303556966,0.3183112310771087
0.34453338856758237,0.9252957626841097,0.15850708413497056,0.6320227638009138
-0.9347615909830844,0.32254113762734343,0.1489563109130727,0.9944099349264364
0.0,0.0,0.0,1.0
0.1040311679829221,-0.33241288628109295,0.9373788930429264,0.32511022453979654
0.34721815069296724,0.8953306006132151,0.2789671511754303,0.6126957868910026
-0.9319962832101129,0.29645368717533727,0.20856207575367658,0.9652924260296141
0.0,0.0,0.0,1.0
0.20396385878217477,-0.29490453612766754,0.9335041825733885,0.33066658131514176
0.33263745939324374,0.9176943595770949,0.2172311741182508,0.6028534279253797
-0.9207339816250366,0.26621115110323784,0.2852727784230313,0.9476668054262989
0.0,0.0,0.0,1.0
0.20423737225339586,-0.32607929973345356,0.9230164603409673,0.31515805104992267
0.33261499256528587,0.9099105115529995,0.24785101913478857,0.6258998300128091
-0.9206814663583831,0.25638867223553197,0.2942965957218641,0.9773263695270331
0.0,0.0,0.0,1.0
0.2379160568187828,-0.2159059092015615,0.946984998972871,0.3182559139409916
0.3365444977809557,0.9329077022589493,0.12814452808954363,0.6227753672743781
-0.9111167603118526,0.28821495005945585,0.29461566767750047,0.9682644546337686
0.0,0.0,0.0,1.0
0.25443542530214064,-0.3342954003271522,0.9074740765836937,0.3231247444032548
0.30911753026393446,0.917241966512262,0.25122405806817943,0.6182770612948243
-0.9163563536282402,0.2165958452713891,0.3367154183822417,0.9648571032567702
0.0,0.0,0.0,1.0
0.27052137658518177,-0.2588880029824431,0.9272514150553888,0.3020641710519871
0.28102494603861683,0.9424499701269351,0.1811436819536684,0.6364862061690517
-0.9207839944929813,0.21157754067835702,0.3277068503495882,0.9897134958575283
0.0,0.0,0.0,1.0
0.15116681734028203,-0.18543917134499224,0.970958756624653,0.3249527617364111
0.2667997410999115,0.9534472121841758,0.14055714754947032,0.6121439630869425
-0.9518227206177786,0.23780396823666766,0.1936047034724725,0.9571819133461036
0.0,0.0,0.0,1.0
0.32088584103695517,-0.23062525541159923,0.9186099654305632,0.32128146579193606
0.2857949441788187,0.9482676169499727,0.13823811531500846,0.625300365134304
-0.902969283477479,0.21817542989611438,0.370197183789685,0.9750074622441538
0.0,0.0,0.0,1.0
0.23648426406901948,-0.193126266637205,0.9522486219378369,0.3209000436754169
0.2772923825332352,0.9527039262806569,0.12435498960018802,0.6083056534984097
-0.9312272157947148,0.2346432909422217,0.27885192948772597,0.94468633987391
0.0,0.0,0.0,1.0
0.35409679581876713,-0.27185922852399197,0.8948228981520434,0.32596556745122074
0.2885622452543075,0.941890726018933,0.17197002893911564,0.619698275730125
-0.8895770285954303,0.19731806837151872,0.4119687974707035,0.9631753900957905
0.0,0.0,0.0,1.0
0.25284094151787545,-0.24564273213439694,0.9358050579270786,0.3233225567047458
0.2489100731748461,0.9511904570216169,0.18242941085006115,0.6167556586010362
-0.9349412996356761,0.18680568144613946,0.3016428411466057,0.9560862220566592
0.0,0.0,0.0,1.0
0.08515580780064202,-0.2170822232822799,0.9724318982492515,0.33035547543203125
0.22763684314032664,0.9544028721613323,0.19312334207781892,0.6113614643892427
-0.9700154411363391,0.20491575328661854,0.13068885955601287,0.9449112563904646
0.0,0.0,0.0,1.0
0.4024065725654638,-0.265361685098089,0.8761575922389868,0.3030977218216291
0.26202778490773443,0.9504121864288417,0.1675055695309698,0.6007367256946892
-0.8771604130901383,0.16217229100389224,0.45198424501091483,0.9177553941676965
0.0,0.0,0.0,1.0
0.1414554608666335,-0.227821419027929,0.9633731123625513,0.3352820229178613
0.20679749516061544,0.9584886578613655,0.19630152507408968,0.6213581066496379
-0.9681038934878341,0.17145522384348344,0.18269635363213313,0.9582687160440537
0.0,0.0,0.0,1.0
0.2691495500358824,-0.23313088083695796,0.9344562654911498,0.3208680820492011
0.22005054859713918,0.9594811427085179,0.17599344547128648,0.6241627944825089
-0.9376226723888347,0.1582590572035001,0.3095444960510188,0.952357268242127
0.0,0.0,0.0,1.0
0.33391069333155216,-0.17769421630577828,0.925704280194446,0.3113729845554931
0.22723378526562088,0.9682815931569265,0.10390169963644405,0.6246109574159953
-0.9148051463086004,0.17565739906123917,0.3636977075021793,0.9477420438339925
0.0,0.0,0.0,1.0
0.07000878211895026,-0.19645023705300968,0.9780112856138408,0.32486656040708606
0.19568959409024603,0.9640717054319867,0.17964222652331827,0.6197483775051013
-0.9781637660387016,0.17881009800141812,0.10593675312046884,0.9387048494526081
0.0,0.0,0.0,1.0
0.16742578906812788,-0.19541756298790855,0.9663232281337242,0.32160569714196674
0.17826558963136624,0.9700028173331439,0.16527526711261098,0.6257416265681666
-0.9696339436654928,0.1445908380279691,0.19723971418067288,0.9456552312006604
0.0,0.0,0.0,1.0
0.2957208795445518,-0.04597613603637983,0.9541673628439409,0.3211066501859247
0.16007919301015125,0.9871020470424942,-0.002049558424740532,0.6171688436232912
-0.9417663263074421,0.15334843866072453,0.2992665083060625,0.9273205830297816
0.0,0.0,0.0,1.0
0.2010418516122465,-0.25300399589499056,0.9463462114688721,0.3294369264798342
0.18210839560113423,0.9588831575636295,0.2176686068140847,0.6209124093739191
-0.9625064707065091,0.12857709050204638,0.23884979724950228,0.9368928515766451
0.0,0.0,0.0,1.0
0.3517075661733612,-0.2861385941721808,0.8913060601283819,0.32716499676095967
0.1968951772120892,0.9534506727628139,0.22839462296375862,0.6189797439612308
-0.9151688789983139,0.09516574768952081,0.39167512479051275,0.9317993163345372
0.0,0.0,0.0,1.0
0.31830473639471585,-0.18420985040510598,0.9299187199978387,0.329967879840098
0.19397544122406926,0.972840093262795,0.12631579925869843,0.6099848510739302
-0.9279308287747627,0.14017447682857467,0.34539179645037504,0.9175519992472719
0.0,0.0,0.0,1.0
0.2603370190645413,-0.12733224298753826,0.9570847070141445,0.2952417192881667
0.12495841670953786,0.9873723372467125,0.09737177072134415,0.6172636485898719
-0.9573975300772581,0.09424631311476873,0.2729608064653949,0.9123245556801886
0.0,0.0,0.0,1.0
0.261939443150045,-0.16974999009998312,0.9500382460634413,0.30847117381399247
0.15698026980000077,0.9787936517780268,0.13160616297329678,0.618006890581646
-0.9522315490550411,0.11466441514301914,0.28303206334997816,0.9217129764666773
0.0,0.0,0.0,1.0
0.26045765104475765,-0.14963362281569645,0.9538194750241247,0.3136094924692505
0.12502343454428894,0.9848264236845119,0.12035803266722178,0.6146179033981408
-0.9573562308916138,0.08790161622987393,0.2752132864474003,0.9133291451956255
0.0,0.0,0.0,1.0
0.397468118297691,-0.2515915402619683,0.8824515804311889,0.31236622935226244
0.13650093208188177,0.9671898919706801,0.21426900944962127,0.6182162427238613
-0.9074065188644338,0.03529036325053583,0.41876962614780816,0.9185455149418675
0.0,0.0,0.0,1.0
0.15887620232133015,-0.11911387823520261,0.9800868514308929,0.32125760341175935
0.11527503096087938,0.9881439093105888,0.10140651719369403,0.6245010672953286
-0.9805457763780944,0.09686845980068018,0.1707234076596527,0.9315613972269879
0.0,0.0,0.0,1.0
0.15796608058904277,-0.18448746317530823,0.9700572629048634,0.30007278095236173
0.08418876668507713,0.9813308433457001,0.17292202711760765,0.616780222032016
-0.9838490580101104,0.054352109706581456,0.17054875907804795,0.90505948709811
0.0,0.0,0.0,1.0
0.17427085727873304,-0.1095918580226633,0.9785802434948684,0.3006113820199747
0.0857927694386454,0.9916981961163949,0.09578250639618738,0.6220218904030984
-0.9809532450710292,0.06726300970539942,0.18222628380666842,0.9101239010128703
0.0,0.0,0.0,1.0
0.32741924396398897,-0.07839515304473658,0.9416213881710325,0.2883356484411586
0.09909128121837309,0.9939058192328529,0.04829224038676098,0.6257354129731612
-0.9396688547932995,0.07749466093973015,0.3331921680611432,0.9097167374913736
0.0,0.0,0.0,1.0
0.3279343964652417,-0.10315264323322519,0.9390519494729652,0.29829607133714175
0.09917032436101401,0.9922875583497418,0.07436832867853829,0.6145659174179721
-0.9394808557821224,0.06873815343975136,0.33563490265552565,0.8928962103400614
0.0,0.0,0.0,1.0
0.32282062149489626,-0.20152442763185058,0.9247565903551616,0.3073921894604851
0.035806333755004256,0.9789696447675507,0.20083909252613408,0.6174408356444931
-0.9457826139238731,-0.03172285755336088,0.3232474400640708,0.8964376966482785
0.0,0.0,0.0,1.0
-0.881842350439643,-0.030583184757536006,0.47055152510768905,0.3010696797785483
-0.06079293140714876,0.996940344399919,-0.04913419581815303,0.6242565662121333
-0.4676091193101471,-0.07193482131664274,-0.8810034580069088,0.9000538944539268
0.0,0.0,0.0,1.0
0.24269403278830007,-0.1660930197541952,0.95577859111715,0.3165183493578946
0.06090827581402368,0.9858992999138351,0.15586132415314713,0.6222240836849526
-0.9681889218465136,0.020388212730450588,0.24938831647722304,0.8989991931468031
0.0,0.0,0.0,1.0
0.1690926470764369,-0.21966331739575476,0.9608099206895062,0.30044656087351124
0.050726203009555236,0.9754951871979795,0.21409341905302118,0.6167055953779437
-0.9842939241064718,0.01253661614117036,0.1760917494456001,0.8819100578615128
0.0,0.0,0.0,1.0
0.2537592549592932,-0.2427955368254806,0.9362994007368216,0.30603961387917156
0.05754810403393858,0.9700589731101988,0.23595297076003444,0.6144080653629846
-0.965553963403705,-0.005992994744981249,0.26013386509522984,0.8772892945022104
0.0,0.0,0.0,1.0
0.20456438470480007,-0.1416424086079836,0.9685508972656396,0.29513728390042426
-0.002490210118741411,0.9893967131032636,0.14521688246902625,0.6282394458667577
-0.9788499432312959,-0.03211809745591257,0.2020426104857622,0.8965432838499092
0.0,0.0,0.0,1.0
0.19851210184431595,-0.07647187549887854,0.977110535036357,0.2868130241129595
-0.009129453178654719,0.9967638993302997,0.07986477368974829,0.6282882918341683
-0.9800559160099033,-0.0247746089684572,0.19717155029174302,0.8916080919675343
0.0,0.0,0.0,1.0
0.4031045629788059,-0.11829062487309445,0.9074767431580815,0.29260289790271415
0.010478386806504916,0.9921426312896217,0.12467238101375566,0.6152524334516762
-0.9150939376455288,-0.040747113331359476,0.401176716721649,0.8749789782645802
0.0,0.0,0.0,1.0
0.09611426065265168,-0.12352257493668045,0.9876761728320707,0.2904044025121083
-0.008804674104896819,0.9921257511212583,0.12493587025344398,0.6258786115269627
-0.9953313652312484,-0.020704285621363505,0.09426985702656132,0.8886502773799762
0.0,0.0,0.0,1.0
0.23517673703745684,-0.28730447740612436,0.9285192726157108,0.28473483644641095
-0.006557913360439552,0.9548225168596467,0.2971042831568856,0.617847058960844
-0.9719304996391316,-0.07596116481600115,0.22266792609404798,0.8744920388647383
0.0,0.0,0.0,1.0
0.16127085082863257,-0.2843343206589939,0.9450638638570398,0.2870089372070908
-0.004532374015773375,0.9573751740207826,0.2888117618007573,0.6244180029654303
-0.9868997772108321,-0.05086030145471652,0.15310799938979444,0.8821414748484286
0.0,0.0,0.0,1.0
0.16553333726341427,-0.1744134470599105,0.9706588812446504,0.2814470390189706
-0.04078404194474083,0.9821845853203185,0.18343964206736696,0.6250008773043223
-0.9853605310631668,-0.0699527686645345,0.1554710068761367,0.8835122669979465
0.0,0.0,0.0,1.0
0.04358620566982879,-0.23498765175719027,0.9710206208917238,0.28439706384287183
-0.04618302890440374,0.9704313271289515,0.23691806002910998,0.6178631875796778
-0.9979816483866436,-0.055171032692740145,0.03144497789940708,0.8664674046776919
0.0,0.0,0.0,1.0
0.002367186522677312,-0.2384511375621711,0.971151610935838,0.286258482649033
-0.047368656913021584,0.9700374431314495,0.23829303234726873,0.6158996326498021
-0.9988746702015339,-0.04656623152356831,-0.00899885056382905,0.8631204739657331
0.0,0.0,0.0,1.0
0.12843777747477528,-0.18226623591334534,0.9748244747457466,0.2730183757813405
-0.0794929962535274,0.9779107582656988,0.1933168704868837,0.6277705419363016
-0.9885264795967665,-0.10232090751252476,0.11111179515171452,0.8728499103674686
0.0,0.0,0.0,1.0
0.1633878310682457,-0.26433218544214604,0.9504908797027951,0.27303236962163846
-0.04801689917319527,0.9601651679374815,0.27527663844463635,0.6202045638365621
-0.985392710574117,-0.09061647763495755,0.1441868923599772,0.862879992021559
0.0,0.0,0.0,1.0
0.06401182821703695,-0.2856763199631765,0.9561859265125215,0.279089063547444
-0.07301992266067261,0.9542418365853622,0.28998380679759383,0.6207393207202738
-0.995274121407234,-0.0883830160296179,0.040222701731315355,0.8610547180145846
0.0,0.0,0.0,1.0
0.041023819403644454,-0.23816114824141016,0.9703588582116773,0.27646169891561156
-0.09032169002659371,0.9663162185707264,0.24098746448293148,0.6139205702832005
-0.9950673537767566,-0.09753067822744445,0.018130864629619832,0.8490904897840275
0.0,0.0,0.0,1.0
0.19369053932204083,-0.3012146809617188,0.933677509073806,0.2744018379913362
-0.10707960757121048,0.9395235974283331,0.3253142596286228,0.6218314813191139
-0.9752014830892806,-0.16298811566630683,0.14972288245960966,0.8601730422560856
0.0,0.0,0.0,1.0
0.024639139604071762,-0.20221852199037738,0.9790304296412847,0.2772442743632712
-0.08215208239248914,0.975605839630944,0.2035786851234145,0.6159515737499901
-0.9963151851488308,-0.085445392163814,0.007425415801373631,0.8486586789758626
0.0,0.0,0.0,1.0
0.09999988880968018,-0.230589174645924,0.9678990932809903,0.2819655877577254
-0.10918268933833464,0.964357653913599,0.24102584028918578,0.6150354337098303
-0.9889788484021789,-0.12978038324173244,0.07125931194397502,0.8491336890367307
0.0,0.0,0.0,1.0
0.056578832157062574,-0.3120143432035509,0.9483912090413954,0.28505011443649797
-0.10996321369202663,0.9421862286711028,0.3165330980119556,0.6110948228861414
-0.9923240032299252,-0.12219721820803191,0.018997696596008657,0.8392303769615134
0.0,0.0,0.0,1.0
0.26151922375253495,-0.21484700232428877,0.940982710361959,0.27038369900059606
-0.10519014566908258,0.9627601995283362,0.249053872602446,0.6206047888616211
-0.9594491799266851,-0.16411448381061702,0.2291805125694285,0.8461447608224154
0.0,0.0,0.0,1.0
0.07631592107929612,-0.18132430702662744,0.9804577379322026,0.2592478461370177
-0.147408819522037,0.9704681672858925,0.1909507167095228,0.623454832211714
-0.9861270304159289,-0.1591006975662717,0.047333370015112695,0.8411343146393953
0.0,0.0,0.0,1.0
0.32071293197186296,-0.26834945620035217,0.9083676483797661,0.2708092583832735
-0.14433263158530402,0.9339811680541105,0.32687500543776715,0.6130971043456817
-0.9361150072110115,-0.2359401345198707,0.26080825561525695,0.8249464726551234
0.0,0.0,0.0,1.0
0.12417124761417613,-0.2389885616637488,0.9630503458593592,0.2656744391643079
-0.17565202157587412,0.9499393340814939,0.2583827178452861,0.6135616829249031
-0.976589918329207,-0.20124544456633206,0.07597632828093079,0.8209228292743977
0.0,0.0,0.0,1.0
0.07017759599642052,-0.2608735404997166,0.9628188307710365,0.25695063251708805
-0.15811478024603082,0.9500875455802973,0.2689486419392292,0.6150064086971495
-0.984923764201023,-0.17111005698189993,0.025426897406848243,0.8182157976521099
0.0,0.0,0.0,1.0
0.15900819163480331,-0.1989461678038533,0.9670247242491737,0.2629803616120503
-0.14734183476141405,0.9637351933811704,0.2224968781077571,0.6069792566350245
-0.9762206608765098,-0.1778620233628275,0.12392869693138552,0.7998574656253312
0.0,0.0,0.0,1.0
0.2816424631160736,-0.2716912351332521,0.9202507243798719,0.26549547842318566
-0.18788274938052044,0.9248934598904087,0.33056339836280324,0.6053484558034299
-0.94094505442939,-0.26599992594682564,0.20944317592405728,0.8015974048552963
0.0,0.0,0.0,1.0
0.28186742329806325,-0.27163097100794753,0.9201996366401097,0.26121959990497334
-0.18808843434756048,0.9248340718371815,0.33061258359860185,0.6089007256071393
-0.940836593967302,-0.2662678259916857,0.20958995274980982,0.8031609117648008
0.0,0.0,0.0,1.0
0.24578550989585818,-0.31924434950157526,0.915244518386507,0.26942079550198306
-0.21807945484569488,0.9017903851734864,0.37311587018359255,0.6062818051520917
-0.9444738400291653,-0.2913025000235512,0.15202637593717577,0.8021790361761711
0.0,0.0,0.0,1.0
0.10567932066219157,-0.2761815981088329,0.9552777638207794,0.26187772212573923
-0.18904365157257358,0.9375579507509448,0.291971893825067,0.6066878192128198
-0.9762655268852244,-0.21144458813064926,0.04687010951315355,0.7997177404751787
0.0,0.0,0.0,1.0
0.19844277992943285,-0.1811621460077687,0.9632241379594567,0.2632388233522208
-0.21837858110031275,0.9498914762765429,0.2236447598621168,0.5990390435319581
-0.9554743630315221,-0.25472820839284693,0.14893717278932583,0.7914999730590108
0.0,0.0,0.0,1.0
0.3806337554199547,-0.3329626427051716,0.8627014679468734,0.26832040304489446
-0.2163522364058078,0.8749681395122544,0.43315408879597267,0.5975716738488895
-0.8990604284680244,-0.3515204594347989,0.26100519642650843,0.7904148982323603
0.0,0.0,0.0,1.0
0.09420854522670628,-0.23594105134556748,0.9671900383565869,0.24479475660107247
-0.21781939265912265,0.9430875421851201,0.25127793368467544,0.6024624321236438
-0.9714316559531496,-0.23434527532079127,0.037454368863243825,0.7918321507050969
0.0,0.0,0.0,1.0
0.319170407092502,-0.2604360898497697,0.9112097971050186,0.2632131039822645
-0.18956382685875217,0.9245230159921802,0.33063990752386163,0.5959651298539415
-0.9285449944849584,-0.27826289009583255,0.2457111255365598,0.7842179641623507
0.0,0.0,0.0,1.0
0.11673560910862381,-0.16009608212297938,0.9801744957174262,0.2535795429487384
-0.23377342120375863,0.9547629374865233,0.18378716152330954,0.5927731916758978
-0.9652578852849266,-0.25059325148730016,0.07402862422262148,0.780875944410226
0.0,0.0,0.0,1.0
0.46810765461416237,-0.062154493670657125,0.8814828657484911,0.25384686904384335
-0.18220771481101097,0.9692987093131299,0.1651071191295209,0.5970509084975337
-0.8646823534425674,-0.23790088490891484,0.4424111171801382,0.7894481817293485
0.0,0.0,0.0,1.0
0.33436283830506747,-0.08334285957172856,0.9387520759598811,0.2539757684616139
-0.20382751743545216,0.9661123303118679,0.1583707938840761,0.5875953298241303
-0.9201390305256482,-0.24429681327798605,0.30604449272212203,0.7756555133087307
0.0,0.0,0.0,1.0
0.35568861470671503,-0.2948694516337476,0.8868695596654735,0.26430625252655526
-0.18947895328037995,0.9064676092545492,0.3773780592934803,0.5826771795068788
-0.915195790873073,-0.30227219499245195,0.26654865316233634,0.7741466208911154
0.0,0.0,0.0,1.0
0.2609449908290445,-0.1679500641673411,0.9506316256612842,0.24825760552447781
-0.16333997601827313,0.9628692828747819,0.21494835735718762,0.5814867246288757
-0.951434582089373,-0.21136584407701564,0.22382295673596767,0.7684439283801163
0.0,0.0,0.0,1.0
0.36059826282589985,-0.1342043002192586,0.9230157629475253,0.24580302224065154
-0.15902614428883458,0.9662588556877744,0.20261912357321937,0.5845381922362931
-0.9190645125776372,-0.21984774187517114,0.3270892723903034,0.7764074263440964
0.0,0.0,0.0,1.0
0.3245917834339216,-0.2259511814321368,0.9184695083325344,0.24299834077488444
-0.1920915011510189,0.9350640186766628,0.29791968072250197,0.5845484742730158
-0.9261430933245327,-0.2731324671028163,0.2601107958190024,0.7766512601748949
0.0,0.0,0.0,1.0
0.18287749407351805,-0.212129501940143,0.9599775500333418,0.23404608528950158
-0.19653878986572634,0.9488460302527424,0.24711073418960966,0.5799096670752384
-0.9632903644485946,-0.2338638178090808,0.1318309086680921,0.7738088130946246
0.0,0.0,0.0,1.0
0.21078474532978958,-0.35228210084228084,0.9118481850409117,0.2208405800440034
-0.1793032381495896,0.9030465127888617,0.3903297894459861,0.5778654168186215
-0.9609475219414051,-0.2457728975416642,0.1271831077959936,0.7711326075054921
0.0,0.0,0.0,1.0
0.20469840346796842,-0.20738471548786663,0.9566034410348321,0.21264866288432
-0.13670983208168758,0.9616613125968546,0.23773502406395977,0.5975994976828218
-0.9692311310672298,-0.17944107566694803,0.1684990057348322,0.8032754602196872
0.0,0.0,0.0,1.0
0.06943126606972148,-0.35968160029165325,0.9304882834853918,0.22843670487878998
-0.14185870087265837,0.9197006117517335,0.3660968365476667,0.5919204919284451
-0.9874489395805117,-0.1574164259380919,0.012832013333847495,0.8039334467469885
0.0,0.0,0.0,1.0
0.058547630056052465,-0.3554972293621506,0.9328418381111849,0.21140451775122931
-0.15318354513009905,0.9201788061022387,0.36028567318397964,0.5861434082074856
-0.9864618474711498,-0.16398989211562068,-0.000582037552528226,0.7913656020347744
0.0,0.0,0.0,1.0
0.20767561742310317,-0.38217046083497846,0.9004535394972432,0.22828290844785698
-0.13741373015223582,0.8999973689757736,0.4136691946499447,0.5916863855014394
-0.9684979631850453,-0.20964368509894488,0.13439204070387883,0.8090040089107631
0.0,0.0,0.0,1.0
0.1601520893650242,-0.35380841392079376,0.9215047012961298,0.2136308897239967
-0.14006993994460376,0.9159621157407642,0.3760236886841277,0.5889291646618424
-0.9771037407542414,-0.18929608756272545,0.0971353233253105,0.8146850820146143
0.0,0.0,0.0,1.0
0.19193260883394295,-0.3326562919652804,0.9233101673230435,0.21084571694903914
-0.10747902833120239,0.9280179089692538,0.35669457397234755,0.580687554906793
-0.9755050651509592,-0.16769779977162513,0.1423633232844003,0.8005168137867106
0.0,0.0,0.0,1.0
0.11256900646644834,-0.2815944867456716,0.9529075316197256,0.20743204594652187
-0.14273204757841165,0.9444749764667276,0.2959638177586044,0.6082732364675288
-0.9833390978585315,-0.1693267960560766,0.06612605205328002,0.8531443273260337
0.0,0.0,0.0,1.0
0.27868879959184895,-0.408119761063786,0.8693508000866466,0.21519228713346256
-0.09150038182738235,0.8898127610200508,0.44705808397938307,0.5977995202689914
-0.9560126741353889,-0.20413601092191477,0.21063773626155025,0.8376044464483161
0.0,0.0,0.0,1.0
0.024139212250203868,-0.33473571492423654,0.9420028129395899,0.21328159312129688
-0.10663606025079249,0.9360393426306794,0.33534922051753013,0.5914103696187979
-0.9940050548594453,-0.10854653472905516,-0.013099645498449728,0.8242127972750909
0.0,0.0,0.0,1.0
0.2783720427526017,-0.3446325963132365,0.8965140151565626,0.2066282648587353
-0.09149609752671989,0.9196485648159984,0.3819358340994666,0.6070482636924304
-0.9561053655069218,-0.18834779210352337,0.22447191195916535,0.8513706728381751
0.0,0.0,0.0,1.0
-0.07145072656794559,-0.35377877214813064,0.9325960401214846,0.20994019558038052
-0.08240255443229677,0.9338832683754413,0.34795381887749965,0.6009130919982884
-0.9940345128293809,-0.05198674278856637,-0.09587891258400048,0.8492716961573761
0.0,0.0,0.0,1.0
0.06232156333918841,-0.25550841296961885,0.9647960787880029,0.21588085883490746
-0.10454355943373013,0.959686175079802,0.2609082013690368,0.5987293619450971
-0.9925656990466101,-0.1171234232015375,0.03309738378887188,0.8464980199892421
0.0,0.0,0.0,1.0
0.08753237035237389,-0.40525291955708126,0.9100044809400428,0.21688916328543117
-0.03433180520114364,0.9117409020457854,0.40932854125795853,0.6019131942735597
-0.99556989272081,-0.06707159404098996,0.06589377801185074,0.8554447579659019
0.0,0.0,0.0,1.0
0.25771786946356323,-0.33919971330839327,0.9047237447147419,0.2207606766265197
-0.03498033719657869,0.9324642831610706,0.3595646487608652,0.6097123779089795
-0.9655868038497499,-0.12431377687293768,0.22844738805862946,0.8700690524518393
0.0,0.0,0.0,1.0
0.13418023520927136,-0.41722767684631695,0.8988418827316681,0.2244595905541854
-0.06864315218172075,0.9009522406602556,0.4284544056347443,0.5944564392742431
-0.988576644543933,-0.11918945306817286,0.09225016064792563,0.839389966506097
0.0,0.0,0.0,1.0
0.13359532648751085,-0.3518988974867372,0.9264553171569118,0.21985582777076146
-0.06843231525625769,0.9293282570330428,0.36285811126195744,0.6140987572965675
-0.9886704744096303,-0.11187563017720074,0.1000726556212569,0.8649356290260992
0.0,0.0,0.0,1.0
0.0731915684109832,-0.4529558233011493,0.8885235036008436,0.22604238836427215
-0.040971032490934485,0.8887953120420673,0.456469350327786,0.6043444273331142
-0.9964759750290857,-0.06981343301702231,0.04649425513125876,0.8540107087857486
0.0,0.0,0.0,1.0
0.13338119583563313,-0.48660606021072605,0.8633794060340167,0.21873471068911973
